	CA [HEK]	CA [Jurkat]	GAG [HEK]	GAG [Jurkat]	GP120 [HEK]	GP120 [Jurkat]	GP160 [HEK]	GP160 [Jurkat]	GP41 [HEK]	GP41 [Jurkat]	IN [HEK]	IN [Jurkat]	MA [HEK]	MA [Jurkat]	NC [HEK]	NC [Jurkat]	NCC [Jurkat]	NEF [HEK]	NEF [Jurkat]	P6 [HEK]	P6 [Jurkat]	POL [HEK]	POL [Jurkat]	PR [HEK]	PR [Jurkat]	Pol [HEK]	REV [HEK]	REV [Jurkat]	RT [HEK]	RT [Jurkat]	TAT [HEK]	TAT [Jurkat]	VIF [HEK]	VIF [Jurkat]	VPR [HEK]	VPR [Jurkat]	VPU [HEK]	VPU [Jurkat]	p6 [HEK]
CA [HEK]	1.0	0.0708167541784	0.0336738085166	0.0860229975516	0.212458716885	0.053785096992	0.153962689323	-0.0165655158691	0.155621337065	-0.0483282526366	-0.0231256486374	0.0964864742224	0.321543456529	0.139195699848	-0.0455292309323	0.166199023959	0.0200105464041	-0.0250011644155	0.0797793166216	0.368328525969	0.117884889152	0.0422871946967	-0.00461493046535	0.074212951734	0.049695923509	0.195330164518	-0.0843588261499	0.100454844499	0.155116460751	0.0248148421545	-0.100853482841	0.145540962363	0.0383718659981	0.0780558988733	0.119249180649	0.0260697231754	0.0603570613595	-0.016007067743	0.484622535234
CA [Jurkat]	0.0708167541784	1.0	0.343785465727	0.651543419576	0.323706466891	0.510489752717	0.306087320326	0.421521561052	0.30356908236	0.490364388419	0.293833853877	0.587519009847	0.362915441029	0.677762334176	0.222616098787	0.540816876156	0.53006112323	0.255759081506	0.624095714329	0.149625790781	0.726779040891	0.293014269004	0.400889468214	0.353040540541	0.389494191243	0.39711509694	0.213664715365	0.547261016562	0.371547693699	0.588099078403	0.203757188065	0.533659827757	0.368077175175	0.643190751918	0.361397341202	0.52261391503	0.315730520286	0.500849138429	0.086623299105
GAG [HEK]	0.0336738085166	0.343785465727	1.0	0.413727992669	0.21756574502	0.387805550594	0.271209721975	0.220445613976	0.231630254719	0.212352052378	0.299939000572	0.318860435668	0.404180527067	0.355335215372	0.693432532162	0.397979717325	0.566876222517	0.255643397265	0.376033737508	0.138475903585	0.392502664474	0.330732460891	0.264405124086	0.367540839992	0.236531859669	0.332658324963	0.65349017986	0.467123947852	0.414898939144	0.306078803447	0.608962923712	0.437918003168	0.453560846856	0.426928091899	0.316426017891	0.356901894024	0.354879917179	0.272317455105	0.0662102583959
GAG [Jurkat]	0.0860229975516	0.651543419576	0.413727992669	1.0	0.361910033264	0.541560001229	0.378397845512	0.410175146585	0.360694368209	0.400841895249	0.300317403611	0.623296293744	0.404305853796	0.618014673417	0.336071021927	0.632632095208	0.536717250503	0.246278142826	0.638175496971	0.253104109531	0.689240976258	0.321949419926	0.393538997706	0.387153124867	0.398192299805	0.424340927001	0.307363600244	0.668289522702	0.433062760912	0.630431401736	0.289187673392	0.653055320534	0.396407341572	0.666670830108	0.355659777077	0.551241746207	0.369979896167	0.429825619963	0.101844853616
GP120 [HEK]	0.212458716885	0.323706466891	0.21756574502	0.361910033264	1.0	0.472326499943	0.643648820153	0.407522302118	0.580701777619	0.321145179752	0.364008902854	0.335566882707	0.370089705615	0.344174413295	0.0837728551333	0.359287065314	0.203036067756	0.301703523529	0.400436396077	0.247270813086	0.376815009967	0.404472009971	0.269911408006	0.38589090268	0.273488429679	0.505352289344	0.131790833926	0.34604997056	0.414867950772	0.385707531132	0.114285630064	0.378583529986	0.429810961514	0.41916637099	0.50210224558	0.366947882876	0.43152173913	0.313505717356	0.180305383022
GP120 [Jurkat]	0.053785096992	0.510489752717	0.387805550594	0.541560001229	0.472326499943	1.0	0.479441551628	0.555103668996	0.424204554506	0.454474924991	0.39935395584	0.487053576196	0.356871598219	0.469282735894	0.2687061027	0.475708597909	0.417741115827	0.329927559779	0.546598164009	0.139445919635	0.557588342212	0.395094821014	0.433920949034	0.391426960791	0.388908655067	0.4895937975	0.282967798757	0.477437982556	0.418677388541	0.489574030578	0.295544704195	0.496635452383	0.484135116921	0.610360376377	0.467104898875	0.535027779983	0.415650208045	0.430410830209	0.0538736553872
GP160 [HEK]	0.153962689323	0.306087320326	0.271209721975	0.378397845512	0.643648820153	0.479441551628	1.0	0.448104266932	0.590316287362	0.373085499921	0.439079217049	0.330167950514	0.380198711904	0.362860710347	0.154295931037	0.351368613053	0.232024153289	0.375833454203	0.383710154608	0.258925637717	0.378751558626	0.473248512619	0.277613634418	0.386427317919	0.270964759096	0.502462128683	0.17393663828	0.358209275318	0.422071782306	0.346503489619	0.183554082517	0.36962194434	0.477603250047	0.43268767549	0.504383905068	0.395176219178	0.459483987349	0.351950886928	0.153675366225
GP160 [Jurkat]	-0.0165655158691	0.421521561052	0.220445613976	0.410175146585	0.407522302118	0.555103668996	0.448104266932	1.0	0.366450091266	0.567159021547	0.387597445269	0.395606159011	0.206987009908	0.407810577153	0.14318863473	0.350514671518	0.329576928326	0.398489011609	0.512823799698	0.0196858954803	0.420171904432	0.352962079284	0.454561051838	0.345229633679	0.370413360743	0.408581536014	0.176572606519	0.365785108069	0.316769251658	0.423238012033	0.210253997622	0.354598086458	0.416369154144	0.50803906263	0.358872854054	0.548475997905	0.354770277281	0.464610409168	-0.039866710302
GP41 [HEK]	0.155621337065	0.30356908236	0.231630254719	0.360694368209	0.580701777619	0.424204554506	0.590316287362	0.366450091266	1.0	0.353059524469	0.403659421442	0.28454680761	0.39238746459	0.36197059359	0.113346853932	0.347492618529	0.214062499999	0.343091799197	0.381758801644	0.214736903854	0.36159493879	0.359536871961	0.276862991853	0.372047110171	0.270567175509	0.474732638313	0.136336497994	0.345356688654	0.43086103603	0.366562686567	0.129953770276	0.369705825433	0.421040093002	0.385563178105	0.490622456118	0.330009633056	0.44031647818	0.306067326106	0.162849956937
GP41 [Jurkat]	-0.0483282526366	0.490364388419	0.212352052378	0.400841895249	0.321145179752	0.454474924991	0.373085499921	0.567159021547	0.353059524469	1.0	0.339708315998	0.344475959762	0.222730825952	0.481762709108	0.135393258427	0.334418633194	0.361972636999	0.30229151881	0.458302532816	0.0147305501785	0.421580703105	0.253334697729	0.386672600122	0.305541398517	0.341714162242	0.340643103561	0.165472229884	0.327920085331	0.290672701645	0.434585835158	0.168185441984	0.327289454788	0.340471441981	0.411251701636	0.319871805654	0.434206600008	0.339458476803	0.527364367631	-0.0313622076659
IN [HEK]	-0.0231256486374	0.293833853877	0.299939000572	0.300317403611	0.364008902854	0.39935395584	0.439079217049	0.387597445269	0.403659421442	0.339708315998	1.0	0.265768492807	0.287628174498	0.325782028174	0.16793695076	0.227319826863	0.210190260825	0.629438199526	0.416823135968	0.0293446188968	0.339336179428	0.537806829641	0.395289693205	0.450179047182	0.331939769216	0.515906569849	0.27000371763	0.29861771852	0.408447070124	0.367378739809	0.327188565224	0.286739175024	0.647162357781	0.418165608133	0.485961573289	0.447829244375	0.551861844622	0.43406341932	0.0102174382578
IN [Jurkat]	0.0964864742224	0.587519009847	0.318860435668	0.623296293744	0.335566882707	0.487053576196	0.330167950514	0.395606159011	0.28454680761	0.344475959762	0.265768492807	1.0	0.322535459628	0.540820416344	0.20723457395	0.597944946267	0.446421800265	0.248467555839	0.567759113114	0.211511338099	0.600439679671	0.326898581397	0.430339554137	0.362780551288	0.42546732828	0.455634462447	0.175484296066	0.563799440365	0.363724577667	0.584536368467	0.172802946173	0.574200451092	0.357746179117	0.576259689731	0.369940195154	0.470289270643	0.34105526202	0.408429489671	0.136685552408
MA [HEK]	0.321543456529	0.362915441029	0.404180527067	0.404305853796	0.370089705615	0.356871598219	0.380198711904	0.206987009908	0.39238746459	0.222730825952	0.287628174498	0.322535459628	1.0	0.465629536252	0.343913662277	0.43520227196	0.370495944947	0.251040152908	0.365475927378	0.436157915243	0.419866578053	0.402018264775	0.274405964088	0.419698009608	0.270401730213	0.486665793448	0.306014585043	0.459097539015	0.551907525311	0.322457044756	0.268309426943	0.486436000059	0.420293614864	0.404617366249	0.397804747375	0.309234122303	0.419909659255	0.286447456746	0.355824456975
MA [Jurkat]	0.139195699848	0.677762334176	0.355335215372	0.618014673417	0.344174413295	0.469282735894	0.362860710347	0.407810577153	0.36197059359	0.481762709108	0.325782028174	0.540820416344	0.465629536252	1.0	0.230929017458	0.569720569787	0.531997438779	0.270830403262	0.561575162221	0.267080661324	0.702951458737	0.309582437782	0.416008284389	0.360340642676	0.415854527926	0.428982363818	0.216114319252	0.573882965195	0.440629082505	0.592466799843	0.194138533736	0.560796494703	0.397363699104	0.592715721252	0.372697825973	0.494827689268	0.378403693088	0.530425944032	0.14746787032
NC [HEK]	-0.0455292309323	0.222616098787	0.693432532162	0.336071021927	0.0837728551333	0.2687061027	0.154295931037	0.14318863473	0.113346853932	0.135393258427	0.16793695076	0.20723457395	0.343913662277	0.230929017458	1.0	0.314823514493	0.503281249999	0.171680591115	0.237072516082	0.09595959596	0.261037435646	0.267900485437	0.171598978946	0.282545170309	0.138961640394	0.225050412846	0.703918807929	0.389906166757	0.372574463794	0.187062628239	0.670778206065	0.360513011173	0.341924219374	0.278978160002	0.210834052965	0.238843491674	0.251943779904	0.169961136177	0.0283956946426
NC [Jurkat]	0.166199023959	0.540816876156	0.397979717325	0.632632095208	0.359287065314	0.475708597909	0.351368613053	0.350514671518	0.347492618529	0.334418633194	0.227319826863	0.597944946267	0.43520227196	0.569720569787	0.314823514493	1.0	0.561241392912	0.183977557336	0.503395132394	0.345094211288	0.620671499363	0.306091543102	0.368541061594	0.335425612679	0.358499178112	0.447396927888	0.273804548417	0.613430986781	0.427971579055	0.519488571858	0.230666745703	0.649017375601	0.339145106862	0.576308066692	0.326588699438	0.445278942242	0.330666702794	0.361634931054	0.168587521328
NCC [Jurkat]	0.0200105464041	0.53006112323	0.566876222517	0.536717250503	0.203036067756	0.417741115827	0.232024153289	0.329576928326	0.214062499999	0.361972636999	0.210190260825	0.446421800265	0.370495944947	0.531997438779	0.503281249999	0.561241392912	1.0	0.18370070018	0.445180835177	0.14559158374	0.546305928056	0.23443005526	0.344390052551	0.295667857023	0.28882875335	0.336683986071	0.464906444644	0.573517628458	0.365629711424	0.425664501236	0.415276180184	0.513900061586	0.334669212748	0.506085539396	0.262341230854	0.39649788775	0.293020525332	0.37807844913	0.0286350790038
NEF [HEK]	-0.0250011644155	0.255759081506	0.255643397265	0.246278142826	0.301703523529	0.329927559779	0.375833454203	0.398489011609	0.343091799197	0.30229151881	0.629438199526	0.248467555839	0.251040152908	0.270830403262	0.171680591115	0.183977557336	0.18370070018	1.0	0.386229584724	0.0320825527841	0.27525573742	0.504929221319	0.322796026364	0.439084188564	0.309058544258	0.415442131716	0.265328635313	0.247015421529	0.401111583593	0.271215947768	0.330292331708	0.233714348323	0.583643555405	0.35961019191	0.439288348083	0.417762621802	0.491004762895	0.400630491903	-0.00010267789134
NEF [Jurkat]	0.0797793166216	0.624095714329	0.376033737508	0.638175496971	0.400436396077	0.546598164009	0.383710154608	0.512823799698	0.381758801644	0.458302532816	0.416823135968	0.567759113114	0.365475927378	0.561575162221	0.237072516082	0.503395132394	0.445180835177	0.386229584724	1.0	0.165118599314	0.655693089683	0.385545125051	0.482688233826	0.424332145185	0.467795954692	0.486849024923	0.264826720212	0.559050573979	0.431298525727	0.611676343592	0.270809654228	0.575174667141	0.495514484441	0.709508339208	0.433757153656	0.625016455828	0.433806651169	0.521028108707	0.0871171652422
P6 [HEK]	0.368328525969	0.149625790781	0.138475903585	0.253104109531	0.247270813086	0.139445919635	0.258925637717	0.0196858954803	0.214736903854	0.0147305501785	0.0293446188968	0.211511338099	0.436157915243	0.267080661324	0.09595959596	0.345094211288	0.14559158374	0.0320825527841	0.165118599314	1.0	0.255107268686	0.254652574942	0.106447289371	0.210625214147	0.10397298434	0.270026290121	0.0498142103558	0.279024093946	0.329509422006	0.125543383323	-0.0243292803747	0.319888154617	0.16722373234	0.203145005351	0.256362583148	0.0909065449447	0.196260170735	0.0647696781615	0.522976654178
P6 [Jurkat]	0.117884889152	0.726779040891	0.392502664474	0.689240976258	0.376815009967	0.557588342212	0.378751558626	0.420171904432	0.36159493879	0.421580703105	0.339336179428	0.600439679671	0.419866578053	0.702951458737	0.261037435646	0.620671499363	0.546305928056	0.27525573742	0.655693089683	0.255107268686	1.0	0.324418351748	0.436999952689	0.383061437062	0.43614403358	0.46054712101	0.247359587521	0.634582296505	0.452850122095	0.64491280481	0.225358102712	0.614482069263	0.416248434445	0.674835341414	0.383430098787	0.562047952586	0.374603913965	0.483110625057	0.155117193621
POL [HEK]	0.0422871946967	0.293014269004	0.330732460891	0.321949419926	0.404472009971	0.395094821014	0.473248512619	0.352962079284	0.359536871961	0.253334697729	0.537806829641	0.326898581397	0.402018264775	0.309582437782	0.267900485437	0.306091543102	0.23443005526	0.504929221319	0.385545125051	0.254652574942	0.324418351748	1.0	0.402412658921	0.523511036292	0.318630751617	0.552462081202	0.310907378013	0.33336225588	0.4901644763	0.322858228144	0.331184832761	0.359205342206	0.608252507867	0.429989301637	0.501256611554	0.373132301373	0.502855958182	0.349787553284	0.078108291637
POL [Jurkat]	-0.00461493046535	0.400889468214	0.264405124086	0.393538997706	0.269911408006	0.433920949034	0.277613634418	0.454561051838	0.276862991853	0.386672600122	0.395289693205	0.430339554137	0.274405964088	0.416008284389	0.171598978946	0.368541061594	0.344390052551	0.322796026364	0.482688233826	0.106447289371	0.436999952689	0.402412658921	1.0	0.394826097311	0.55138414013	0.499590606957	0.179624188811	0.37605008025	0.335826020629	0.444636985353	0.21713513676	0.405239084242	0.401164939122	0.48886156355	0.317209708028	0.449262053506	0.363684815382	0.426698501385	0.0266017309282
PR [HEK]	0.074212951734	0.353040540541	0.367540839992	0.387153124867	0.38589090268	0.391426960791	0.386427317919	0.345229633679	0.372047110171	0.305541398517	0.450179047182	0.362780551288	0.419698009608	0.360340642676	0.282545170309	0.335425612679	0.295667857023	0.439084188564	0.424332145185	0.210625214147	0.383061437062	0.523511036292	0.394826097311	1.0	0.435971094812	0.505533369373	0.339714946819	0.420736092097	0.64731422081	0.3978000115	0.347890557095	0.411629095364	0.550377181629	0.450481592478	0.469895711879	0.402981228609	0.426927105152	0.356711752086	0.162155399222
PR [Jurkat]	0.049695923509	0.389494191243	0.236531859669	0.398192299805	0.273488429679	0.388908655067	0.270964759096	0.370413360743	0.270567175509	0.341714162242	0.331939769216	0.42546732828	0.270401730213	0.415854527926	0.138961640394	0.358499178112	0.28882875335	0.309058544258	0.467795954692	0.10397298434	0.43614403358	0.318630751617	0.55138414013	0.435971094812	1.0	0.408809264687	0.159188667917	0.354902720801	0.358450774972	0.475626905349	0.179450388424	0.356663679199	0.349825134128	0.461879416635	0.306241409672	0.410297115367	0.318129233653	0.399792540175	0.0559728135031
Pol [HEK]	0.195330164518	0.39711509694	0.332658324963	0.424340927001	0.505352289344	0.4895937975	0.502462128683	0.408581536014	0.474732638313	0.340643103561	0.515906569849	0.455634462447	0.486665793448	0.428982363818	0.225050412846	0.447396927888	0.336683986071	0.415442131716	0.486849024923	0.270026290121	0.46054712101	0.552462081202	0.499590606957	0.505533369373	0.408809264687	1.0	0.241197936259	0.431368507621	0.489159873942	0.432229026329	0.256995034717	0.472409089925	0.561833456144	0.538205207629	0.509552440834	0.459218045257	0.524513345475	0.407677484775	0.186044875666
REV [HEK]	-0.0843588261499	0.213664715365	0.65349017986	0.307363600244	0.131790833926	0.282967798757	0.17393663828	0.176572606519	0.136336497994	0.165472229884	0.27000371763	0.175484296066	0.306014585043	0.216114319252	0.703918807929	0.273804548417	0.464906444644	0.265328635313	0.264826720212	0.0498142103558	0.247359587521	0.310907378013	0.179624188811	0.339714946819	0.159188667917	0.241197936259	1.0	0.375091055908	0.383084560879	0.214313637578	0.771726027406	0.320434512686	0.402824566902	0.309866510779	0.26161196175	0.279312977099	0.323677642314	0.224175725682	-0.0173719203965
REV [Jurkat]	0.100454844499	0.547261016562	0.467123947852	0.668289522702	0.34604997056	0.477437982556	0.358209275318	0.365785108069	0.345356688654	0.327920085331	0.29861771852	0.563799440365	0.459097539015	0.573882965195	0.389906166757	0.613430986781	0.573517628458	0.247015421529	0.559050573979	0.279024093946	0.634582296505	0.33336225588	0.37605008025	0.420736092097	0.354902720801	0.431368507621	0.375091055908	1.0	0.530589873371	0.552796049791	0.344835436056	0.668854187278	0.439865746191	0.621699864546	0.360198918173	0.50040789399	0.39442153735	0.433513000252	0.162698332781
RT [HEK]	0.155116460751	0.371547693699	0.414898939144	0.433062760912	0.414867950772	0.418677388541	0.422071782306	0.316769251658	0.43086103603	0.290672701645	0.408447070124	0.363724577667	0.551907525311	0.440629082505	0.372574463794	0.427971579055	0.365629711424	0.401111583593	0.431298525727	0.329509422006	0.452850122095	0.4901644763	0.335826020629	0.64731422081	0.358450774972	0.489159873942	0.383084560879	0.530589873371	1.0	0.423727196325	0.366889871555	0.502937249667	0.546876791201	0.462302538999	0.466186574489	0.38931518545	0.457889906332	0.356295562447	0.245360672468
RT [Jurkat]	0.0248148421545	0.588099078403	0.306078803447	0.630431401736	0.385707531132	0.489574030578	0.346503489619	0.423238012033	0.366562686567	0.434585835158	0.367378739809	0.584536368467	0.322457044756	0.592466799843	0.187062628239	0.519488571858	0.425664501236	0.271215947768	0.611676343592	0.125543383323	0.64491280481	0.322858228144	0.444636985353	0.3978000115	0.475626905349	0.432229026329	0.214313637578	0.552796049791	0.423727196325	1.0	0.200273123244	0.524423906463	0.413786682388	0.59986308094	0.389992745309	0.539093871253	0.417658664089	0.520806749578	0.0570741428114
TAT [HEK]	-0.100853482841	0.203757188065	0.608962923712	0.289187673392	0.114285630064	0.295544704195	0.183554082517	0.210253997622	0.129953770276	0.168185441984	0.327188565224	0.172802946173	0.268309426943	0.194138533736	0.670778206065	0.230666745703	0.415276180184	0.330292331708	0.270809654228	-0.0243292803747	0.225358102712	0.331184832761	0.21713513676	0.347890557095	0.179450388424	0.256995034717	0.771726027406	0.344835436056	0.366889871555	0.200273123244	1.0	0.311169879643	0.430483837419	0.308720569927	0.271859120584	0.310652685301	0.329354089741	0.234726363102	-0.0552140142619
TAT [Jurkat]	0.145540962363	0.533659827757	0.437918003168	0.653055320534	0.378583529986	0.496635452383	0.36962194434	0.354598086458	0.369705825433	0.327289454788	0.286739175024	0.574200451092	0.486436000059	0.560796494703	0.360513011173	0.649017375601	0.513900061586	0.233714348323	0.575174667141	0.319888154617	0.614482069263	0.359205342206	0.405239084242	0.411629095364	0.356663679199	0.472409089925	0.320434512686	0.668854187278	0.502937249667	0.524423906463	0.311169879643	1.0	0.42925278091	0.621187041816	0.396562547057	0.491683106538	0.395608222393	0.399600892206	0.190655047451
VIF [HEK]	0.0383718659981	0.368077175175	0.453560846856	0.396407341572	0.429810961514	0.484135116921	0.477603250047	0.416369154144	0.421040093002	0.340471441981	0.647162357781	0.357746179117	0.420293614864	0.397363699104	0.341924219374	0.339145106862	0.334669212748	0.583643555405	0.495514484441	0.16722373234	0.416248434445	0.608252507867	0.401164939122	0.550377181629	0.349825134128	0.561833456144	0.402824566902	0.439865746191	0.546876791201	0.413786682388	0.430483837419	0.42925278091	1.0	0.519133578031	0.569921871975	0.531730291746	0.616841582192	0.463814539554	0.077526149252
VIF [Jurkat]	0.0780558988733	0.643190751918	0.426928091899	0.666670830108	0.41916637099	0.610360376377	0.43268767549	0.50803906263	0.385563178105	0.411251701636	0.418165608133	0.576259689731	0.404617366249	0.592715721252	0.278978160002	0.576308066692	0.506085539396	0.35961019191	0.709508339208	0.203145005351	0.674835341414	0.429989301637	0.48886156355	0.450481592478	0.461879416635	0.538205207629	0.309866510779	0.621699864546	0.462302538999	0.59986308094	0.308720569927	0.621187041816	0.519133578031	1.0	0.458719626476	0.693804057701	0.445974029353	0.48887869888	0.0932665594833
VPR [HEK]	0.119249180649	0.361397341202	0.316426017891	0.355659777077	0.50210224558	0.467104898875	0.504383905068	0.358872854054	0.490622456118	0.319871805654	0.485961573289	0.369940195154	0.397804747375	0.372697825973	0.210834052965	0.326588699438	0.262341230854	0.439288348083	0.433757153656	0.256362583148	0.383430098787	0.501256611554	0.317209708028	0.469895711879	0.306241409672	0.509552440834	0.26161196175	0.360198918173	0.466186574489	0.389992745309	0.271859120584	0.396562547057	0.569921871975	0.458719626476	1.0	0.46063364492	0.508585851703	0.381112984161	0.142950505403
VPR [Jurkat]	0.0260697231754	0.52261391503	0.356901894024	0.551241746207	0.366947882876	0.535027779983	0.395176219178	0.548475997905	0.330009633056	0.434206600008	0.447829244375	0.470289270643	0.309234122303	0.494827689268	0.238843491674	0.445278942242	0.39649788775	0.417762621802	0.625016455828	0.0909065449447	0.562047952586	0.373132301373	0.449262053506	0.402981228609	0.410297115367	0.459218045257	0.279312977099	0.50040789399	0.38931518545	0.539093871253	0.310652685301	0.491683106538	0.531730291746	0.693804057701	0.46063364492	1.0	0.440906367123	0.536059992827	0.0275278050593
VPU [HEK]	0.0603570613595	0.315730520286	0.354879917179	0.369979896167	0.43152173913	0.415650208045	0.459483987349	0.354770277281	0.44031647818	0.339458476803	0.551861844622	0.34105526202	0.419909659255	0.378403693088	0.251943779904	0.330666702794	0.293020525332	0.491004762895	0.433806651169	0.196260170735	0.374603913965	0.502855958182	0.363684815382	0.426927105152	0.318129233653	0.524513345475	0.323677642314	0.39442153735	0.457889906332	0.417658664089	0.329354089741	0.395608222393	0.616841582192	0.445974029353	0.508585851703	0.440906367123	1.0	0.473432884397	0.0838827266218
VPU [Jurkat]	-0.016007067743	0.500849138429	0.272317455105	0.429825619963	0.313505717356	0.430410830209	0.351950886928	0.464610409168	0.306067326106	0.527364367631	0.43406341932	0.408429489671	0.286447456746	0.530425944032	0.169961136177	0.361634931054	0.37807844913	0.400630491903	0.521028108707	0.0647696781615	0.483110625057	0.349787553284	0.426698501385	0.356711752086	0.399792540175	0.407677484775	0.224175725682	0.433513000252	0.356295562447	0.520806749578	0.234726363102	0.399600892206	0.463814539554	0.48887869888	0.381112984161	0.536059992827	0.473432884397	1.0	-0.00795915786991
p6 [HEK]	0.484622535234	0.086623299105	0.0662102583959	0.101844853616	0.180305383022	0.0538736553872	0.153675366225	-0.039866710302	0.162849956937	-0.0313622076659	0.0102174382578	0.136685552408	0.355824456975	0.14746787032	0.0283956946426	0.168587521328	0.0286350790038	-0.00010267789134	0.0871171652422	0.522976654178	0.155117193621	0.078108291637	0.0266017309282	0.162155399222	0.0559728135031	0.186044875666	-0.0173719203965	0.162698332781	0.245360672468	0.0570741428114	-0.0552140142619	0.190655047451	0.077526149252	0.0932665594833	0.142950505403	0.0275278050593	0.0838827266218	-0.00795915786991	1.0
